16.39226
	(3.3, 16.39226, 1) 
	(3.4, 16.39226, 1) 
22.61178
	(4.2, 22.61178, 1) 
	(4.69, 22.61178, 1) 
	(4.76, 22.61178, 1) 
	(4.98, 22.61178, 1) 
20.57204
	(4.3, 20.57204, 1) 
	(4.6, 20.57204, 1) 
21.20035
	(4.4, 21.20035, 1) 
	(4.30, 21.20035, 1) 
19.12771
	(4.7, 19.12771, 1) 
	(4.60, 19.12771, 1) 
	(4.89, 19.12771, 1) 
18.83168
	(4.8, 18.83168, 1) 
	(4.71, 18.83168, 1) 
	(4.77, 18.83168, 1) 
10.66697
	(4.12, 10.66697, 1) 
	(4.53, 10.66697, 1) 
	(4.73, 10.66697, 1) 
	(4.75, 10.66697, 1) 
19.47291
	(4.15, 19.47291, 1) 
	(4.35, 19.47291, 1) 
17.91023
	(4.20, 17.91023, 1) 
	(4.38, 17.91023, 1) 
	(4.50, 17.91023, 1) 
20.50549
	(4.25, 20.50549, 1) 
	(4.27, 20.50549, 1) 
21.30176
	(4.26, 21.30176, 1) 
	(4.28, 21.30176, 1) 
20.27383
	(4.40, 20.27383, 1) 
	(4.41, 20.27383, 1) 
21.73552
	(4.44, 21.73552, 1) 
	(4.46, 21.73552, 1) 
23.62661
	(4.45, 23.62661, 1) 
	(4.47, 23.62661, 1) 
21.45901
	(4.51, 21.45901, 1) 
	(4.52, 21.45901, 1) 
	(4.85, 21.45901, 1) 
21.88601
	(4.61, 21.88601, 1) 
	(4.68, 21.88601, 1) 
18.66554
	(4.78, 18.66554, 1) 
	(4.79, 18.66554, 1) 
17.59333
	(4.80, 17.59333, 1) 
	(4.81, 17.59333, 1) 
19.49826
	(4.82, 19.49826, 1) 
	(4.84, 19.49826, 1) 
19.06636
	(4.87, 19.06636, 1) 
	(4.88, 19.06636, 1) 
	(4.93, 19.06636, 1) 
34.57101
	(4.1, 22.49337, 1) (4.106, 12.07764, 1) 
	(4.11, 23.85693, 1) (4.102, 10.71408, 1) 
33.07038
	(4.10, 23.10387, 1) (4.94, 9.96651, 1) 
	(4.32, 21.55156, 1) (4.105, 11.51882, 1) 
34.38324
	(4.32, 21.55156, 1) (4.59, 12.83168, 1) 
	(3.2, 7.70691, 2) (4.57, 18.96942, 1) 
29.90706
	(4.32, 21.55156, 1) (4.100, 8.3555, 1) 
	(4.36, 8.79334, 1) (4.65, 10.55686, 2) 
68.75011
	(4.1, 22.49337, 1) (4.90, 23.12837, 2) 
	(4.14, 23.66574, 2) (4.55, 21.41863, 1) 
64.90714
	(4.9, 23.66996, 1) (4.48, 20.61859, 2) 
	(4.70, 22.5937, 1) (4.74, 21.15672, 2) 
64.9266
	(4.31, 21.82982, 2) (4.49, 21.26696, 1) 
	(4.9, 23.66996, 2) (4.36, 8.79334, 2) 
